,,,1495335683.102101
,,,1495335686.272615
,,,1495335701.417929
,,,1495335714.605211
,,,1495335754.618437
,,,1495335808.929448
,,,1495335834.982409
,,,1495342148.915243
1495434275.148989,93ee0c8e40000000,,1495434274.652131
,,,1495434807.986007
,,,1495435246.550231
,,,1495472393.250877
,,,1495478427.327532
,,,1495478428.039503
,,,1495478441.385957
,,,1495481832.325282
,,,1495483028.736486
,,,1495483112.970485
,,,1495509628.769622
,,,1495643828.238878
,,,1495648589.038178
,,,1495682508.498174
,,3569220990,1496165844.430261
,,385016530,1496165853.894935
,,951534980,1496166046.045218
,,4037406825,1496169536.090299
,,2660715216,1496256507.374664
,,206442385,1496264336.092742
,,2374706317,1496264343.598131
,,1576721684,1496264507.169476
,,3207633787,1496264829.78112
,,297561407,1496264847.670765
,,3936160315,1496273382.020466
,,195194223,1496274897.942882
,,2999345279,1496338568.29709
,,1249213918,1496361270.624782
,,445951937,1496425136.535762
,,3866167166,1496426444.1995
